# Part name, min ID, max ID, 1= VonMises 2= Composite MoS, for 1 = Yield allowable for for 2 = compression allowable, output to ALTAIR ASCII FILE 1 = yes 0 = no, Safety factor on yield, safety factor on ultimate
DTEBrkts,200001,210000,1,3.86E+08,4.55E+08,0,1.65,1.98
DTEAntennas,210001,220000,1,3.86E+08,4.55E+08,0,1.65,1.98
MastHDRM,220001,230000,1,3.86E+08,4.55E+08,0,1.65,1.98
TiltActuator,230001,240000,1,3.86E+08,4.55E+08,0,1.65,1.98
BrakeModule,240001,250000,1,3.86E+08,4.55E+08,0,1.65,1.98
HDRM_Xm,250001,251000,1,868.0E+06,923.0E+06,0,1.65,1.98
HDRM_Yp,251001,252000,1,868.0E+06,923.0E+06,0,1.65,1.98
HDRM_Ym,252001,253000,1,868.0E+06,923.0E+06,0,1.65,1.98
WheelXpYp,260001,270000,1,3.86E+08,4.55E+08,0,1.65,1.98
WheelXpYm,270001,280000,1,3.86E+08,4.55E+08,0,1.65,1.98
WheelXmYp,280001,290000,1,3.86E+08,4.55E+08,0,1.65,1.98
WheelXmYm,290001,300000,1,3.86E+08,4.55E+08,0,1.65,1.98
DriveXpYp,300001,310000,1,3.86E+08,4.55E+08,0,1.65,1.98
DriveXpYm,310001,320000,1,3.86E+08,4.55E+08,0,1.65,1.98
DriveXmYp,320001,330000,1,3.86E+08,4.55E+08,0,1.65,1.98
DriveXmYm,330001,340000,1,3.86E+08,4.55E+08,0,1.65,1.98
BrktAXpYp,340001,350000,1,3.86E+08,4.55E+08,0,1.65,1.98
BrktAXpYm,350001,360000,1,3.86E+08,4.55E+08,0,1.65,1.98
BrktAXmYp,360001,370000,1,3.86E+08,4.55E+08,0,1.65,1.98
BrktAXmYm,370001,380000,1,3.86E+08,4.55E+08,0,1.65,1.98
BrktBXpYp,380001,390000,1,3.86E+08,4.55E+08,0,1.65,1.98
BrktBXpYm,390001,400000,1,3.86E+08,4.55E+08,0,1.65,1.98
BrktBXmYp,400001,410000,1,3.86E+08,4.55E+08,0,1.65,1.98
BrktBXmYm,410001,420000,1,3.86E+08,4.55E+08,0,1.65,1.98
ShimXpYp,420001,430000,1,3.86E+08,4.55E+08,0,1.65,1.98
ShimXpYm,430001,440000,1,3.86E+08,4.55E+08,0,1.65,1.98
ShimXmYp,440001,450000,1,3.86E+08,4.55E+08,0,1.65,1.98
ShimXmYm,450001,460000,1,3.86E+08,4.55E+08,0,1.65,1.98
MastBrkt1,470001,480000,1,3.86E+08,4.55E+08,0,1.65,1.98
MastTipBrkt,490001,500000,1,3.86E+08,4.55E+08,0,1.65,1.98
LBrackets,500001,510000,1,3.86E+08,4.55E+08,0,1.65,1.98
PanBrkt,520001,530000,1,3.86E+08,4.55E+08,0,1.65,1.98
PanShim,530001,540000,1,3.86E+08,4.55E+08,0,1.65,1.98
Baseplate,100001,110000,2,1.79E+08,1.34E+08,0,1.98,1.98
WebRadiator,110001,120000,2,1.79E+08,1.34E+08,0,1.98,1.98
BottomPanel,120001,130000,2,1.79E+08,1.34E+08,0,1.98,1.98
XplusPanel,130001,140000,2,1.79E+08,1.34E+08,0,1.98,1.98
XminusPanel,140001,150000,2,1.79E+08,1.34E+08,0,1.98,1.98
YplusPanel,150001,160000,2,1.79E+08,1.34E+08,0,1.98,1.98
YminusPanel,160001,170000,2,1.79E+08,1.34E+08,0,1.98,1.98
MastRadiator,460001,470000,2,62.0E+06,47.0E+06,0,1.98,1.98
